gc: 0.029761 -39642
canon:mapc: 0.014428 663
canon:mapcar: 0.013812 813
mu.foldl: 0.006327 307
mu.foldr: 0.006726 408
mu.mapcar: 0.000305 105
mu.mapc: 0.000303 55
core.acons: 0.000312 200
core.constantp: 0.000174 152
core.eql: 0.003072 2024
core.pairp: 0.000178 152
core.sequencep: 0.000188 152
core.schar: 0.000135 152
core.stringp: 0.000134 152
core.string=: 0.000255 152
core.vector: 0.000752 1080
core.vector-to-list: 0.001322 1664
